2.700000000000007958e+02 2.718666528259193456e+02 2.735551731811740410e+02 2.749453326336495138e+02 2.759929531538630272e+02 2.767080904555405709e+02 2.771213714214828201e+02 2.777575643357674267e+02 2.781739897360946543e+02 2.784089649599226846e+02 2.784848505467677455e+02
2.699999999999989768e+02 2.718907059966120983e+02 2.735947037856374777e+02 2.749896103121266151e+02 2.760349684090205074e+02 2.767456599937442547e+02 2.771552752607976231e+02 2.777845974778545610e+02 2.781962536073114052e+02 2.784284630843271202e+02 2.785034457094139952e+02
2.699999999999996021e+02 2.719654545935277952e+02 2.737163370457771521e+02 2.751242146435328664e+02 2.761614244958167319e+02 2.768580683650356491e+02 2.772564811170335588e+02 2.778651557941059309e+02 2.782625442790688339e+02 2.784864969759826749e+02 2.785587861455279608e+02
2.699999999999995453e+02 2.720994042012962382e+02 2.739296940450651050e+02 2.753543973198634376e+02 2.763733387722397197e+02 2.770442946401228710e+02 2.774234159936815445e+02 2.779976028253595359e+02 2.783713609589415796e+02 2.785816922755711857e+02 2.786495448641560415e+02
2.700000000000003979e+02 2.723095917464949025e+02 2.742525220485801469e+02 2.756885271296898168e+02 2.766716442575561246e+02 2.773022610982057472e+02 2.776532885662381318e+02 2.781791723519183961e+02 2.785202113937609170e+02 2.787117827463547997e+02 2.787735378221473752e+02
2.699999999999996021e+02 2.726276421281993976e+02 2.747133278431709300e+02 2.761367665531707303e+02 2.770559305774534664e+02 2.776283719504649525e+02 2.779418832476600301e+02 2.784059277053991650e+02 2.787056330969444957e+02 2.788736490658961884e+02 2.789277666674179272e+02
2.700000000000005116e+02 2.731136104300788361e+02 2.753543111571452187e+02 2.767072874081711120e+02 2.775227809925725637e+02 2.780170890861127759e+02 2.782833323313524261e+02 2.786727446546094598e+02 2.789232348092455709e+02 2.790633770712881869e+02 2.791084808240991606e+02
2.700000000000002274e+02 2.738901737604955997e+02 2.762291200348284974e+02 2.773977710274966171e+02 2.780648893038194274e+02 2.784605439373110585e+02 2.786699357333378657e+02 2.789733575430464612e+02 2.791677601757614298e+02 2.792763403767665409e+02 2.793112586974121427e+02
2.699999999999998295e+02 2.752376821974290237e+02 2.773667555976622339e+02 2.781857491598844376e+02 2.786730255529584497e+02 2.789473824207470329e+02 2.790925524321284570e+02 2.793003557852134122e+02 2.794332162674237452e+02 2.795072992161581737e+02 2.795311126070558885e+02
2.700000000000001137e+02 2.778982050964907557e+02 2.785582812231701269e+02 2.790819164602690989e+02 2.793224026720099573e+02 2.794660607307719147e+02 2.795398009742453382e+02 2.796455683209672429e+02 2.797129719387714886e+02 2.797505379790177358e+02 2.797626066207055260e+02
2.799999999999999432e+02 2.800000000000003979e+02 2.800000000000000568e+02 2.799999999999998295e+02 2.800000000000004547e+02 2.799999999999999432e+02 2.800000000000003411e+02 2.799999999999994316e+02 2.800000000000006253e+02 2.800000000000001705e+02 2.800000000000001705e+02
