2.700000000000000000e+02 2.721379723765989525e+02 2.741035086841062594e+02 2.758095689115293112e+02 2.772571061558231236e+02 2.784997098795036550e+02 2.788543842793452541e+02 2.791032148025313973e+02 2.792666476574174794e+02 2.793590872794980555e+02 2.793889767231464134e+02
2.699999999999993747e+02 2.721595268852348681e+02 2.741359431941165781e+02 2.758418842844192795e+02 2.772827228459000253e+02 2.785161253666180414e+02 2.788676147639258147e+02 2.791138895110699991e+02 2.792755218115175921e+02 2.793669060518013794e+02 2.793964490840576786e+02
2.700000000000005684e+02 2.722268590379592865e+02 2.742359965087730416e+02 2.759404752895162574e+02 2.773601985461669983e+02 2.785653345653448127e+02 2.789071489110476705e+02 2.791457248312824504e+02 2.793019579806580737e+02 2.793901851261107367e+02 2.794186929610974630e+02
2.699999999999998863e+02 2.723486215824689793e+02 2.744122144959479215e+02 2.761102551756376329e+02 2.774913210558037235e+02 2.786471826918606212e+02 2.789724926645359346e+02 2.791981458442087956e+02 2.793453956507792100e+02 2.794283940280369052e+02 2.794551907556324863e+02
2.699999999999997158e+02 2.725416412942256557e+02 2.746798205415703364e+02 2.763592787616392457e+02 2.776787446264685855e+02 2.787612668331877330e+02 2.790627506162763893e+02 2.792701677004112071e+02 2.794048961782278866e+02 2.794806533423786163e+02 2.795050869139654992e+02
2.699999999999989768e+02 2.728355265177034994e+02 2.750621068440109980e+02 2.766983004364518592e+02 2.779254041116618623e+02 2.789067151342619582e+02 2.791765252427554174e+02 2.793603617081932953e+02 2.794791395340937470e+02 2.795457435548605645e+02 2.795671998580929198e+02
2.699999999999988063e+02 2.732816482890308976e+02 2.755919898299184752e+02 2.771395945905728126e+02 2.782335117600066496e+02 2.790818795825481970e+02 2.793117932799970617e+02 2.794668203758583900e+02 2.795664263412434707e+02 2.796221206967256308e+02 2.796400409538358645e+02
2.700000000000013642e+02 2.739705967473927899e+02 2.763125570108838929e+02 2.776943106424984080e+02 2.786030067450734578e+02 2.792839663294774368e+02 2.794657829676359029e+02 2.795871343261422908e+02 2.796646910508694646e+02 2.797079413631839202e+02 2.797218421781342954e+02
2.700000000000006253e+02 2.750667043267277450e+02 2.772731758498181307e+02 2.783672910766847508e+02 2.790294358596835309e+02 2.795086679445063851e+02 2.796348889751879483e+02 2.797183969348708388e+02 2.797715323635979985e+02 2.798010994039834145e+02 2.798105938099075729e+02
2.699999999999998295e+02 2.768778701069717272e+02 2.785118837628090773e+02 2.791482641218383947e+02 2.795015931488386514e+02 2.797499239278132563e+02 2.798146732504901024e+02 2.798572526763385895e+02 2.798842657734126647e+02 2.798992756033987348e+02 2.799040926446425033e+02
2.799999999999996589e+02 2.800000000000005116e+02 2.800000000000011937e+02 2.800000000000001705e+02 2.800000000000010232e+02 2.799999999999995453e+02 2.799999999999993179e+02 2.800000000000001137e+02 2.799999999999997158e+02 2.799999999999992042e+02 2.799999999999994884e+02
